//J  B  WS    ALUop          RA1            RA2            CONST                   WA            
//31 30 29 28 27 26 25 24 23 22 21 20 19 18 17 16 15 14 13 12 11 10 9  8  7  6  5  4  3  2  1  0   
 
  0  0  0  0  0  0  0  1  1  1  1  0  0  0  0  1  1  1  1  0  0  0  0  1  1  1  1  0  0  0  0  1  //загрузка константы в адрес R1  					PC:0
  0  0  1  0  1  1  1  1  1  1  1  1  1  1  1  1  1  1  1  1  1  1  1  1  1  1  1  0  0  0  1  0  //загрузка SW в адрес R2  						PC:4
  0  0  0  1  0  0  1  0  0  0  0  0  0  1  0  0  0  1  0  0  0  0  0  0  0  0  0  0  0  0  1  1  //R3 = R1 ^ R2  									PC:8
  0  0  0  1  0  0  0  0  0  0  0  0  0  0  0  0  0  0  0  0  0  0  0  0  0  0  0  0  0  1  0  0  //R4 = 0 + 0 (регистр счётчика отличных бит)  	PC:12
  0  0  0  0  0  0  0  0  0  0  0  0  0  0  0  0  0  0  0  0  0  0  0  0  0  0  1  0  0  1  0  1  //R5 = 1  										PC:16
  
  0  0  0  1  0  0  1  1  1  0  0  0  1  1  0  0  1  0  1  0  0  0  0  0  0  0  0  0  0  1  1  0  //R6  =  R3 & R5   								PC:20
  0  0  0  1  0  0  0  0  0  0  0  1  0  0  0  0  1  1  0  0  0  0  0  0  0  0  0  0  0  1  0  0  //R4 = R4 + R6  									PC:24
  0  0  0  1  0  0  1  0  1  0  0  0  1  1  0  0  1  0  1  0  0  0  0  0  0  0  0  0  0  0  1  1  //R3 = R3 >> R5  									PC:28
  0  1  1  1  1  1  0  0  0  0  0  0  1  1  0  0  0  0  0  0  0  0  0  1  0  0  0  0  0  0  0  0  //if(R3 == R0) PC = PC + 8 (Пропустить ELSE)  	PC:32
  1  0  1  1  0  0  0  0  0  0  0  0  0  0  0  0  0  0  0  1  1  1  1  0  0  0  0  0  0  0  0  0  //else PC = PC + (-16)  							PC:36
  1  0  1  1  0  0  0  0  0  0  0  0  0  0  0  0  0  0  0  1  1  1  1  1  1  1  1  0  0  0  0  0  //PC = PC + 0 									PC:40